0	0
0.5
1
1.5	0.9975
2
2.5
3	0.1411
3.5	-0.3508
4	-0.7568
4.5	-0.9775
5	-0.9589
5.5	-0.7055
6	-0.2794
6.5	0.2151
7	0.657
7.5	0.938
8
8.5
9	0.4121
9.5
10
10.5
11	-1
11.5	-0.8755
12	-0.5366
12.5	-0.06632
13	0.4202
13.5	0.8038
14
14.5
15
15.5	0.2065
16	-0.2879
16.5	-0.7118
17	-0.9614
17.5	-0.9756
18	-0.751
18.5	-0.3425
19	0.1499
19.5	0.6055
20	0.9129
20.5
21
21.5
22
22.5
23	-0.8462
23.5
24
24.5
25
25.5
26
26.5
27
27.5	0.6992
28
28.5	-0.2238
29	-0.6636
29.5
30	-0.988
30.5
31
31.5	0.08397
32	0.5514
32.5	0.8839
33	0.9999
33.5	0.8711
34	0.5291
34.5
35
35.5
36
36.5
37
37.5
38	0.2964
38.5
39	0.9638
39.5	0.9736
40	0.7451
40.5	0.3342
41	-0.1586
41.5	-0.6126
42	-0.9165
42.5	-0.9961
43	-0.8318
43.5	-0.4638
44	0.0177
44.5	0.4949
45	0.8509
45.5	0.9986
46
46.5
47
47.5
48
48.5
49
49.5
50
50.5
51
51.5
52
52.5
53
53.5
54
54.5
55
55.5
56
56.5
57
57.5
58
58.5
59
59.5
60
60.5
61
61.5
62
62.5
63
63.5
64
64.5
65
65.5
66
66.5
67
67.5
68
68.5
69
69.5
70
70.5
71
71.5
72
72.5
73
73.5
74
74.5
75
75.5
76
76.5
77
77.5
78
78.5
79
79.5
80
80.5
81
81.5
82
82.5
83
83.5
84
84.5
85
85.5
86
86.5
87
87.5
88
88.5
89
89.5
90
90.5
91
91.5
92
92.5
93
93.5
94
94.5
95
95.5
96
96.5
97
97.5
98
98.5
99
99.5
100
100.5
101
101.5
102
102.5
103
103.5
104
104.5
105
105.5
106
106.5
107
107.5
108
108.5	0.9934
109
109.5	0.4401
110
110.5
111	-0.8646
111.5
112	-0.89
112.5	-0.5624
113	-0.09718
113.5	0.3919
114	0.785
114.5	0.9859
115
115.5
116
116.5
117	-0.6897
117.5	-0.9524
118
118.5	-0.7711
119	-0.3714
119.5	0.1192
120	0.5806
120.5	0.8999
121	0.9988
121.5	0.8532
122	0.4987
122.5	0.02211
123	-0.4599
123.5
124	-0.9957
124.5	-0.9183
125	-0.616
125.5	-0.163
126	0.33
126.5
127	0.9726
127.5	0.965
128	0.721
128.5	0.3006
129	-0.1935
129.5	-0.6402
130
130.5	-0.9923
131	-0.8116
131.5	-0.4322
132	0.05308
132.5
133
133.5	0.9998
134	0.8859
134.5
135
135.5
136	-0.7904
136.5	-0.9873
137	-0.9425
137.5	-0.6669
138	-0.2281
138.5
139
139.5
140	0.9802
140.5	0.7654
141	0.3632
141.5	-0.128
142	-0.5878
142.5
143
143.5
144
144.5
145
145.5
146
146.5
147
147.5
148
148.5	-0.7481
149	-0.9746
149.5	-0.9626
150	-0.7149
150.5	-0.2921
151	0.2021
151.5	0.6469
152	0.9333
152.5	0.9912
153	0.8064
153.5	0.4242
154	-0.06192
154.5
155
155.5
156	-0.8818
156.5	-0.5477
157	-0.07955
157.5
158
158.5
159
159.5	0.6603
160
160.5	-0.2752
161	-0.7024
161.5	-0.9577
162	-0.9785
162.5	-0.7597
163	-0.3549
163.5	0.1368
164	0.5949
164.5	0.9075
165
165.5
166
166.5
167
167.5
168
168.5
169	-0.602
169.5
170	0.3466
170.5
171
171.5
172
172.5	0.2836
173	-0.2108
173.5	-0.6537
174	-0.9365
174.5	-0.99
175	-0.8011
175.5	-0.4161
176	0.07075
176.5
177
177.5
178
178.5
179
179.5
180
180.5
181
181.5
182
182.5
183
183.5	0.9602
184	0.9766
184.5	0.7539
185
185.5	-0.1455
186
186.5	-0.9111
187
187.5
188
188.5
189
189.5
190
190.5
191
191.5
192
192.5
193
193.5
194
194.5
195
195.5
196	0.9395
196.5	0.9887
197	0.7958
197.5	0.4081
198	-0.07958
198.5	-0.5477
199	-0.8818
199.5	-1
200	-0.8733
200.5	-0.5328
201	-0.06189
201.5
202
202.5
203
203.5
204	0.2021
204.5	-0.2922
205
205.5
206
206.5
207
207.5	0.1543
208	0.6091
208.5	0.9147
209	0.9965
209.5	0.8342
210	0.4677
210.5	-0.01329
211	-0.491
211.5	-0.8486
212	-0.9983
212.5
213
213.5
214
214.5
215
215.5
216
216.5
217
217.5
218
218.5
219
219.5	-0.4
220	0.0884
220.5	0.5551
221	0.8859
221.5	0.9998
222	0.869
222.5	0.5253
223	0.05305
223.5	-0.4322
224	-0.8116
224.5	-0.9923
225	-0.9301
225.5
226
226.5
227
227.5
228
228.5
229
229.5
230	-0.6161
230.5	-0.9183
231
231.5
232	-0.4599
232.5	0.02214
233	0.4987
233.5	0.8532
234	0.9988
234.5	0.8999
235	0.5806
235.5	0.1192
236	-0.3714
236.5	-0.7711
237
237.5	-0.9524
238	-0.6897
238.5
239
239.5
240
240.5
241
241.5
242
242.5
243
243.5	-0.9996
244	-0.8645
244.5	-0.5178
245	-0.04421
245.5	0.4402
246
246.5	0.9934
247
247.5
248	0.1848
248.5
249
249.5
250
250.5
251
251.5
252
252.5
253	0.9948
253.5
254
254.5
255
255.5	-0.8578
256	-0.9992
256.5	-0.896
257	-0.5734
257.5	-0.1104
258	0.3796
258.5
259	0.9836
259.5
260
260.5
261
261.5
262
262.5
263
263.5	-0.3837
264
264.5
265
265.5
266
266.5
267
267.5	-0.4481
268	-0.8218
268.5	-0.9944
269	-0.9234
269.5	-0.6264
270
270.5
271	0.7332
271.5
272
272.5
273
273.5
274
274.5
275
275.5
276	-0.4441
276.5	0.03984
277	0.514
277.5	0.8623
278
278.5
279
279.5
280	-0.3878
280.5	-0.7822
281	-0.9852
281.5	-0.9469
282	-0.6767
282.5	-0.2409
283
283.5
284	0.9511
284.5	0.9828
285	0.7739
285.5
286
286.5
287	-0.8979
287.5
288
288.5
289
289.5
290
290.5
291	0.92
291.5	0.6195
292	0.1673
292.5	-0.3258
293	-0.7392
293.5	-0.9716
294
294.5	-0.7241
295
295.5
296
296.5	0.9285
297	0.9929
297.5	0.8142
298
298.5	-0.04868
299
299.5
300
300.5
301
301.5	-0.09276
302
302.5
303	0.9866
303.5	0.944
304	0.6702
304.5
305
305.5
306	-0.9538
306.5
307
307.5	-0.3673
308	0.1236
308.5	0.5842
309
309.5
310
310.5
311
311.5
312
312.5
313
313.5
314	-0.1586
314.5	0.3342
315
315.5
316	0.9638
316.5	0.718
317
317.5	-0.1978
318	-0.6436
318.5	-0.9317
319	-0.9918
319.5
320
320.5
321
321.5
322	0.9999
322.5
323
323.5
324
324.5
325
325.5
326
326.5
327
327.5	0.6993
328	0.9564
328.5	0.9794
329
329.5
330
330.5
331
331.5
332
332.5
333	-0.008821
333.5	0.4717
334	0.8367
334.5
335	0.9129
335.5	0.6055
336	0.1498
336.5	-0.3425
337	-0.751
337.5
338
338.5
339
339.5	0.2065
340
340.5
341
341.5	0.8038
342	0.4201
342.5	-0.06635
343
343.5	-0.8755
344	-1
344.5	-0.8797
345
345.5
346
346.5
347
347.5
348
348.5
349	-0.2794
349.5
350
350.5
351
351.5	-0.3508
352	0.1411
352.5	0.5985
353	0.9093
353.5	0.9975
354
354.5
355	-3.014E-05
355.5	-0.4795
356	-0.8415
356.5
357	-0.9093
357.5
358
358.5
359
359.5
360
360.5
361
361.5
362
362.5
363
363.5	-0.7985
364	-0.4121
364.5	0.07518
365	0.544
365.5	0.8797
366	1
366.5	0.8754
367	0.5365
367.5	0.06629
368	-0.4202
368.5
369
369.5	-0.9349
370	-0.6503
370.5
371
371.5
372	0.9614
372.5
373
373.5
374
374.5
375
375.5	-0.9968
376	-0.8366
376.5	-0.4716
377	0.008881
377.5	0.4872
378
378.5
379
379.5
380
380.5
381
381.5
382
382.5
383
383.5
384
384.5
385
385.5
386
386.5
387
387.5
388	-0.9999
388.5	-0.8711
389	-0.5291
389.5
390	0.4282
390.5	0.809
391
391.5
392
392.5
393
393.5	-0.718
394	-0.9638
394.5	-0.9736
395	-0.7451
395.5	-0.3341
396	0.1587
396.5	0.6126
397	0.9165
397.5	0.9961
398
398.5
399
399.5	-0.4949
400	-0.8509
400.5	-0.9986
401	-0.9018
401.5	-0.5842
402	-0.1235
402.5	0.3673
403	0.7683
403.5	0.9811
404	0.9537
404.5	0.6929
405
405.5
406
406.5
407
407.5
408
408.5
409	0.5588
409.5
410
410.5
411
411.5
412
412.5	-0.8142
413	-0.9929
413.5	-0.9285
414	-0.6367
414.5	-0.1891
415
415.5
416
416.5
417
417.5
418
418.5
419	-0.92
419.5
420	-0.8268
420.5	-0.4559
421
421.5
422	0.8555
422.5
423
423.5
424	0.1148
424.5	-0.3756
425
425.5
426
426.5
427
427.5
428
428.5
429
429.5
430
430.5
431
431.5	-0.892
432	-0.9995
432.5	-0.8623
433	-0.514
433.5	-0.03978
434
434.5
435
435.5
436
436.5	0.1804
437	-0.3133
437.5	-0.7302
438	-0.9684
438.5
439	-0.7332
439.5	-0.3174
440	0.1761
440.5	0.6265
441
441.5
442	0.8218
442.5	0.448
443
443.5	-0.5102
444	-0.8601
444.5	-0.9994
445
445.5
446
446.5
447
447.5	0.9844
448	0.9483
448.5
449
449.5
450
450.5
451
451.5
452
452.5
453
453.5
454
454.5	0.8578
455
455.5	0.03093
456	-0.4521
456.5	-0.8244
457
457.5
458
458.5
459	0.3217
459.5	0.7362
460	0.9705
460.5	0.9672
461
461.5
462
462.5
463
463.5
464
464.5
465
465.5	0.5178
466	0.8646
466.5	0.9996
467
467.5
468
468.5
469
469.5
470
470.5
471
471.5	0.2581
472	0.6897
472.5	0.9524
473	0.9819
473.5
474
474.5
475
475.5	-0.8999
476
476.5
477
477.5
478
478.5
479	0.9957
479.5	0.9183
480	0.616
480.5	0.1629
481
481.5	-0.7422
482	-0.9726
482.5
483	-0.721
483.5	-0.3005
484	0.1935
484.5	0.6402
485	0.9301
485.5	0.9923
486	0.8116
486.5	0.4321
487	-0.05311
487.5	-0.5254
488
488.5
489	-0.8859
489.5
490
490.5
491
491.5
492
492.5
493
493.5
494
494.5	-0.9551
495
495.5
496
496.5	0.128
497
497.5
498	0.9983
498.5	0.8485
499	0.491
499.5	0.01323
500
500.5	-0.8342
501	-0.9965
501.5
502
502.5
503	0.3384
503.5
504
504.5
505
505.5	0.2921
506
506.5
507
507.5
508
508.5	-0.4241
509	0.06195
509.5	0.5329
510	0.8733
510.5	1
511	0.8818
511.5	0.5477
512	0.07952
512.5
513
513.5
514
514.5	-0.6603
515	-0.2194
515.5	0.2752
516
516.5
517
517.5
518
518.5
519
519.5	-0.9075
520	-0.9978
520.5	-0.8438
521	-0.4833
521.5	-0.00438
522
522.5
523	0.9972
523.5
524
524.5
525
525.5
526
526.5
527
527.5
528
528.5
529
529.5
530	0.8011
530.5	0.4161
531
531.5
532
532.5
533
533.5
534
534.5
535
535.5
536
536.5
537
537.5
538
538.5
539
539.5
540
540.5
541
541.5
542
542.5	0.839
543	0.4755
543.5	-0.004471
544
544.5	-0.8439
545	-0.9978
545.5	-0.9074
546
546.5
547	0.355
547.5
548
548.5
549
549.5	0.2751
550
550.5	-0.6604
551	-0.9395
551.5	-0.9887
552	-0.7958
552.5
553
553.5
554	0.8818
554.5	1
555
555.5
556
556.5	-0.4242
557	-0.8064
557.5	-0.9912
558	-0.9333
558.5	-0.6469
559	-0.2021
559.5	0.2922
560
560.5	0.9626
561
561.5	0.748
562	0.3383
562.5	-0.1543
563	-0.6091
563.5	-0.9148
564	-0.9965
564.5	-0.8342
565
565.5	0.01332
566	0.4911
566.5
567	0.9983
567.5	0.9037
568	0.5877
568.5	0.1279
569	-0.3632
569.5	-0.7654
570	-0.9803
570.5	-0.9551
571	-0.696
571.5	-0.2666
572
572.5	0.667
573	0.9425
573.5
574
574.5
575	-0.08843
575.5	-0.5552
576	-0.886
576.5	-0.9998
577
577.5
578
578.5
579
579.5	0.9923
580	0.9301
580.5	0.6401
581	0.1934
581.5	-0.3006
582	-0.7211
582.5	-0.965
583	-0.9726
583.5	-0.7421
584	-0.3299
584.5
585
585.5
586
586.5
587
587.5
588
588.5
589
589.5
590
590.5
591
591.5	0.7711
592	0.982
592.5	0.9524
593
593.5	0.2581
594
594.5	-0.6735
595
595.5
596
596.5
597
597.5
598
598.5
599
599.5
600
600.5
601
601.5
602
602.5
603
603.5
604	0.7272
604.5
605
605.5
606
606.5	-0.1718
607
607.5
608
608.5
609
609.5
610
610.5
611
611.5
612
612.5
613
613.5
614	-0.9836
614.5
615
615.5
616
616.5
617
617.5
618
618.5
619
619.5
620
620.5
621
621.5
622
622.5
623
623.5
624
624.5
625	0.176
625.5	-0.3175
626	-0.7332
626.5
627
627.5
628
628.5
629
629.5
630
630.5
631
631.5
632
632.5
633	-0.9995
633.5
634
634.5
635
635.5
636
636.5
637
637.5
638	-0.2539
638.5
639	-0.9511
639.5	-0.9828
640	-0.7739
640.5	-0.3755
641	0.1148
641.5	0.577
642	0.898
642.5	0.999
643
643.5
644
644.5	-0.456
645
645.5
646
646.5
647
647.5
648
648.5
649
649.5
650
650.5	-0.1892
651
651.5	-0.9285
652	-0.9929
652.5	-0.8142
653	-0.4361
653.5	0.04871
654	0.5216
654.5
655	0.9998
655.5	0.8879
656	0.5587
656.5
657
657.5
658	-0.9866
658.5	-0.944
659	-0.6702
659.5
660
660.5
661
661.5
662
662.5
663
663.5
664	-0.9018
664.5	-0.9986
665	-0.8509
665.5	-0.4948
666	-0.01764
666.5
667	0.8318
667.5
668
668.5
669	0.1586
669.5
670
670.5
671
671.5
672
672.5	0.1979
673
673.5
674
674.5	0.809
675
675.5	-0.05755
676	-0.5291
676.5	-0.8712
677	-0.9999
677.5	-0.8838
678	-0.5514
678.5	-0.08391
679	0.4041
679.5
680	0.988
680.5	0.941
681
681.5
682
682.5	-0.6993
683	-0.9564
683.5
684
684.5
685
685.5
686
686.5
687
687.5	0.4871
688	0.008791
688.5	-0.4717
689	-0.8367
689.5	-0.9968
690	-0.9129
690.5
691	-0.1498
691.5
692	0.751
692.5	0.9756
693
693.5
694	0.2878
694.5	-0.2065
695	-0.6503
695.5	-0.9349
696
696.5
697
697.5
698
698.5
699
699.5
700	0.544
700.5	0.07509
701	-0.4122
701.5	-0.7985
702
702.5	-0.938
703	-0.6569
703.5	-0.2151
704	0.2795
704.5
705
705.5
706
706.5	0.3507
707
707.5	-0.5985
708	-0.9093
708.5	-0.9975
709
709.5	-0.4794
710	6.029E-05
710.5	0.4795
711
711.5
712	0.9093
712.5	0.5984
713	0.1411
713.5	-0.3508
714
714.5	-0.9775
715	-0.9589
715.5
716
716.5	0.2152
717
717.5	0.938
718	0.9893
718.5	0.7985
719	0.4121
719.5
720
720.5	-0.8797
721	-1
721.5
722
722.5	-0.06626
723	0.4202
723.5	0.8038
724	0.9906
724.5	0.9349
725
725.5	0.2064
726
726.5	-0.7118
727	-0.9614
727.5	-0.9756
728	-0.7509
728.5	-0.3424
729	0.1499
729.5	0.6056
730	0.913
730.5
731
731.5	0.4716
732
732.5
733	-0.8463
733.5
734
734.5
735
735.5	0.3591
736	0.7626
736.5	0.9794
737	0.9564
737.5	0.6992
738	0.2708
738.5
739
739.5
740	-0.988
740.5	-0.7931
741	-0.404
741.5
742
742.5
743	0.9999
743.5
744
744.5
745
745.5
746
746.5	-0.9317
747
747.5	-0.1977
748	0.2964
748.5	0.718
749	0.9638
749.5	0.9736
750	0.7451
750.5	0.3341
751	-0.1587
751.5	-0.6126
752
752.5	-0.9961
753	-0.8317
753.5	-0.4638
754
754.5
755
755.5
756
756.5
757
757.5
758
758.5
759
759.5
760	-0.2623
760.5	0.2324
761	0.6703
761.5
762	0.9866
762.5
763
763.5
764
764.5
765
765.5
766	-0.5215
766.5
767
767.5
768
768.5
769
769.5
770
770.5	-0.7241
771	-0.9661
771.5	-0.9716
772
772.5
773
773.5
774
774.5
775
775.5
776
776.5
777
777.5	-0.999
778
778.5
779
779.5
780
780.5
781
781.5
782
782.5
783
783.5	-0.9469
784
784.5
785
785.5
786
786.5
787
787.5
788
788.5
789
789.5
790
790.5
791
791.5
792
792.5
793
793.5
794
794.5
795
795.5
796
796.5	-0.9944
797	-0.8218
797.5
798	0.03546
798.5	0.5102
799	0.8601
799.5	0.9994
800
800.5
801
801.5
802
802.5
803
803.5
804
804.5
805
805.5
806
806.5	0.7766
807
807.5
808
808.5	-0.896
809	-0.9992
809.5	-0.8578
810	-0.5063
810.5	-0.0309
811	0.4521
811.5	0.8244
812
812.5	0.9217
813	0.6229
813.5
814
814.5
815
815.5
816
816.5
817
817.5
818	0.9268
818.5
819
819.5
820	-0.0443
820.5	-0.5178
821	-0.8646
821.5	-0.9996
822	-0.89
822.5	-0.5624
823	-0.09712
823.5
824
824.5
825
825.5
826
826.5
827
827.5	-0.9524
828	-0.9819
828.5	-0.771
829	-0.3713
829.5	0.1193
830
830.5	0.8999
831
831.5
832
832.5	0.02205
833	-0.46
833.5
834	-0.9957
834.5	-0.9183
835
835.5
836	0.33
836.5
837	0.9726
837.5
838
838.5
839
839.5
840
840.5
841
841.5
842
842.5
843
843.5
844	0.8859
844.5	0.5551
845	0.08831
845.5	-0.4001
846	-0.7905
846.5	-0.9874
847	-0.9425
847.5
848	-0.228
848.5	0.2667
849
849.5
850
850.5
851
851.5
852
852.5
853
853.5
854
854.5	-0.0132
855
855.5
856	0.9965
856.5	0.9147
857	0.609
857.5	0.1542
858	-0.3384
858.5	-0.7481
859
859.5	-0.9626
860
860.5
861
861.5
862
862.5
863
863.5
864
864.5
865
865.5
866
866.5	-0.5477
867
867.5
868	0.7959
868.5	0.9887
869	0.9395
869.5	0.6603
870	0.2194
870.5	-0.2752
871	-0.7025
871.5	-0.9577
872	-0.9784
872.5	-0.7596
873	-0.3549
873.5
874	0.595
874.5
875
875.5
876
876.5
877
877.5
878	-0.9972
878.5	-0.9111
879	-0.602
879.5
880	0.3467
880.5	0.754
881	0.9766
881.5	0.9601
882	0.7086
882.5	0.2836
883	-0.2109
883.5	-0.6537
884	-0.9365
884.5	-0.99
885	-0.8011
885.5	-0.4161
886	0.07081
886.5
887
887.5	1
888	0.8775
888.5	0.5402
889
889.5	-0.4162
890	-0.8012
890.5	-0.99
891
891.5	-0.6536
892	-0.2107
892.5	0.2837
893	0.7087
893.5	0.9602
894	0.9766
894.5
895
895.5	-0.1456
896
896.5	-0.9112
897	-0.9972
897.5	-0.839
898	-0.4755
898.5
899	0.4834
899.5
900
900.5
901
901.5
902	-0.355
902.5	-0.7597
903	-0.9785
903.5	-0.9576
904	-0.7023
904.5	-0.2751
905	0.2195
905.5
906	0.9396
906.5	0.9887
907	0.7958
